00000000000000000000000000000000
00000000000000000000000000000000
00000000000000000000000000000000
00000000000000000000000000000000
00000000000000000000000000000000
00000000000000000000000000000000
00000000000000000000000000000000
00000000000000000000000000000000
00000001111100011111000100000000
00000001000100000001000100000000
00000001000100000001000100000000
00000001000100000001000100000000
00000001000111110001000111100000
00000001000100010001000000000000
00000001000100010001000000000000
00000001000100010001000000000000
00000001000100010001111100000000
00000001000100000001000100000000
00000001000100000001000100000000
00000001000100000001000100000000
00000001000100011111000111100000
00000001000100010000000000000000
00000001000100010000000000000000
00000001000100010000000000000000
00000001000111111111111100000000
00000000000000000000000000000000
00000000000000000000000000000000
00000000000000000000000000000000
00000000000000000000000000000000
00000000000000000000000000000000
00000000000000000000000000000000
00000000000000000000000000000000

00000000000000000000000000000000
00000000000000000000000000000000
00000000000000000000000000000000
00000000000000000000000000000000
00000000000000000000000000000000
00000000000000000000000000000000
00000000000000000000000000000000
00000000000000000000000000000000
00000001111111110001111100000000
00000000000100000001000100000000
00000000000100000001000100000000
00000000000100000001000100000000
00001111000111110001000111100000
00000001000000010001000000000000
00000001000000010001000000000000
00000001000000010001000000000000
00000001111100010001000100000000
00000000000100010001000100000000
00000000000100010001000100000000
00000000000100010001000100000000
00000001111100011111000100000000
00000000000000000000000100000000
00000000000000000000000100000000
00000000000000000000000100000000
00001111111111111111111100000000
00000000000000000000000000000000
00000000000000000000000000000000
00000000000000000000000000000000
00000000000000000000000000000000
00000000000000000000000000000000
00000000000000000000000000000000
00000000000000000000000000000000

00000000000000000000000000000000
00000000000000000000000000000000
00000000000000000000000000000000
00000000000000000000000000000000
00000000000000000000000000000000
00000000000000000000000000000000
00000000000000000000000000000000
00000000000000000000000000000000
00000001111100011111000111100000
00000001000000010001000100000000
00000001000000010001000100000000
00000001000000010001000100000000
00001111000111110001111100000000
00000000000100000000000000000000
00000000000100000000000000000000
00000000000100000000000000000000
00000001000100011111000100000000
00000001000100010001000100000000
00000001000100010001000100000000
00000001000100010001000100000000
00000001111100010001000100000000
00000001000100000001000100000000
00000001000100000001000100000000
00000001000100000001000100000000
00000001000111111111000111100000
00000000000000000000000000000000
00000000000000000000000000000000
00000000000000000000000000000000
00000000000000000000000000000000
00000000000000000000000000000000
00000000000000000000000000000000
00000000000000000000000000000000

00000000000000000000000000000000
00000000000000000000000000000000
00000000000000000000000000000000
00000000000000000000000000000000
00000000000000000000000000000000
00000000000000000000000000000000
00000000000000000000000000000000
00000000000000000000000000000000
00000001000111111111000111100000
00000001000100000001000100000000
00000001000100000001000100000000
00000001000100000001000100000000
00001111000100011111000100000000
00000000000100010000000100000000
00000000000100010000000100000000
00000000000100010000000100000000
00000001111100011111000100000000
00000001000000000001000000000000
00000001000000000001000000000000
00000001000000000001000000000000
00000001000111111111000111100000
00000001000100000000000100000000
00000001000100000000000100000000
00000001000100000000000100000000
00000001000111111111111100000000
00000000000000000000000000000000
00000000000000000000000000000000
00000000000000000000000000000000
00000000000000000000000000000000
00000000000000000000000000000000
00000000000000000000000000000000
00000000000000000000000000000000

00000000000000000000000000000000
00000000000000000000000000000000
00000000000000000000000000000000
00000000000000000000000000000000
00000000000000000000000000000000
00000000000000000000000000000000
00000000000000000000000000000000
00000000000000000000000000000000
00001111000111111111111100000000
00000001000000000000000100000000
00000001000000000000000100000000
00000001000000000000000100000000
00000001111100011111000100000000
00000000000100010000000100000000
00000000000100010000000100000000
00000000000100010000000100000000
00000001000100010001111100000000
00000001000100010001000000000000
00000001000100010001000000000000
00000001000100010001000000000000
00000001000100010001000111100000
00000001000100010001000100000000
00000001000100010001000100000000
00000001000100010001000100000000
00000001111111110001111100000000
00000000000000000000000000000000
00000000000000000000000000000000
00000000000000000000000000000000
00000000000000000000000000000000
00000000000000000000000000000000
00000000000000000000000000000000
00000000000000000000000000000000

00000000000000000000000000000000
00000000000000000000000000000000
00000000000000000000000000000000
00000000000000000000000000000000
00000000000000000000000000000000
00000000000000000000000000000000
00000000000000000000000000000000
00000000000000000000000000000000
00000001111111111111000100000000
00000000000100000001000100000000
00000000000100000001000100000000
00000000000100000001000100000000
00001111111100011111000111100000
00000001000000010000000000000000
00000001000000010000000000000000
00000001000000010000000000000000
00000001000100010001111100000000
00000000000100010000000100000000
00000000000100010000000100000000
00000000000100010000000100000000
00000001111100010001111100000000
00000001000000010001000000000000
00000001000000010001000000000000
00000001000000010001000000000000
00000001111111110001111111100000
00000000000000000000000000000000
00000000000000000000000000000000
00000000000000000000000000000000
00000000000000000000000000000000
00000000000000000000000000000000
00000000000000000000000000000000
00000000000000000000000000000000

00000000000000000000000000000000
00000000000000000000000000000000
00000000000000000000000000000000
00000000000000000000000000000000
00000000000000000000000000000000
00000000000000000000000000000000
00000000000000000000000000000000
00000000000000000000000000000000
00000001000111111111111100000000
00000001000100000000000100000000
00000001000100000000000100000000
00000001000100000000000100000000
00001111000111111111000100000000
00000000000100010001000000000000
00000000000100010001000000000000
00000000000100010001000000000000
00000001111100010001111100000000
00000000000000000000000100000000
00000000000000000000000100000000
00000000000000000000000100000000
00000001111100011111000111100000
00000001000100010001000000000000
00000001000100010001000000000000
00000001000100010001000000000000
00000001000111110001111111100000
00000000000000000000000000000000
00000000000000000000000000000000
00000000000000000000000000000000
00000000000000000000000000000000
00000000000000000000000000000000
00000000000000000000000000000000
00000000000000000000000000000000

00000000000000000000000000000000
00000000000000000000000000000000
00000000000000000000000000000000
00000000000000000000000000000000
00000000000000000000000000000000
00000000000000000000000000000000
00000000000000000000000000000000
00000000000000000000000000000000
00000001111100011111111100000000
00000000000100000000000100000000
00000000000100000000000100000000
00000000000100000000000100000000
00001111000100011111000100000000
00000001000100010001000100000000
00000001000100010001000100000000
00000001000100010001000100000000
00000001111100010001000111100000
00000000000000000001000100000000
00000000000000000001000100000000
00000000000000000001000100000000
00000001000111111111000100000000
00000001000100000000000000000000
00000001000100000000000000000000
00000001000100000000000000000000
00001111000111111111111111100000
00000000000000000000000000000000
00000000000000000000000000000000
00000000000000000000000000000000
00000000000000000000000000000000
00000000000000000000000000000000
00000000000000000000000000000000
00000000000000000000000000000000

00000000000000000000000000000000
00000000000000000000000000000000
00000000000000000000000000000000
00000000000000000000000000000000
00000000000000000000000000000000
00000000000000000000000000000000
00000000000000000000000000000000
00000000000000000000000000000000
00001111111100011111000100000000
00000000000000010001000100000000
00000000000000010001000100000000
00000000000000010001000100000000
00001111000111110001111100000000
00000001000100010000000100000000
00000001000100010000000100000000
00000001000100010000000100000000
00000001000100011111000100000000
00000001000000000001000100000000
00000001000000000001000100000000
00000001000000000001000100000000
00000001000111110001000111100000
00000001000100000001000000000000
00000001000100000001000000000000
00000001000100000001000000000000
00000001000111111111000111100000
00000000000000000000000000000000
00000000000000000000000000000000
00000000000000000000000000000000
00000000000000000000000000000000
00000000000000000000000000000000
00000000000000000000000000000000
00000000000000000000000000000000

00000000000000000000000000000000
00000000000000000000000000000000
00000000000000000000000000000000
00000000000000000000000000000000
00000000000000000000000000000000
00000000000000000000000000000000
00000000000000000000000000000000
00000000000000000000000000000000
00000001000111110001111100000000
00000001000000010000000100000000
00000001000000010000000100000000
00000001000000010000000100000000
00000001111100011111000111100000
00000000000100000001000000000000
00000000000100000001000000000000
00000000000100000001000000000000
00000001000111110001111100000000
00000001000000010000000100000000
00000001000000010000000100000000
00000001000000010000000100000000
00000001111100010001111100000000
00000001000100010001000000000000
00000001000100010001000000000000
00000001000100010001000000000000
00001111000100010001111111100000
00000000000000000000000000000000
00000000000000000000000000000000
00000000000000000000000000000000
00000000000000000000000000000000
00000000000000000000000000000000
00000000000000000000000000000000
00000000000000000000000000000000

00000000000000000000000000000000
00000000000000000000000000000000
00000000000000000000000000000000
00000000000000000000000000000000
00000000000000000000000000000000
00000000000000000000000000000000
00000000000000000000000000000000
00000000000000000000000000000000
00000001000111111111111100000000
00000001000100010000000000000000
00000001000100010000000000000000
00000001000100010000000000000000
00000001111100010001111111100000
00000000000000010001000000000000
00000000000000010001000000000000
00000000000000010001000000000000
00000001111111110001111100000000
00000001000000000000000100000000
00000001000000000000000100000000
00000001000000000000000100000000
00000001111111111111000100000000
00000000000000000001000100000000
00000000000000000001000100000000
00000000000000000001000100000000
00001111111111111111000100000000
00000000000000000000000000000000
00000000000000000000000000000000
00000000000000000000000000000000
00000000000000000000000000000000
00000000000000000000000000000000
00000000000000000000000000000000
00000000000000000000000000000000

00000000000000000000000000000000
00000000000000000000000000000000
00000000000000000000000000000000
00000000000000000000000000000000
00000000000000000000000000000000
00000000000000000000000000000000
00000000000000000000000000000000
00000000000000000000000000000000
00001111000111110001111111100000
00000001000100010000000000000000
00000001000100010000000000000000
00000001000100010000000000000000
00000001000100011111000100000000
00000001000100000001000100000000
00000001000100000001000100000000
00000001000100000001000100000000
00000001111100011111000100000000
00000000000000010000000100000000
00000000000000010000000100000000
00000000000000010000000100000000
00000001000111110001111100000000
00000001000100000001000000000000
00000001000100000001000000000000
00000001000100000001000000000000
00000001111111110001111111100000
00000000000000000000000000000000
00000000000000000000000000000000
00000000000000000000000000000000
00000000000000000000000000000000
00000000000000000000000000000000
00000000000000000000000000000000
00000000000000000000000000000000

00000000000000000000000000000000
00000000000000000000000000000000
00000000000000000000000000000000
00000000000000000000000000000000
00000000000000000000000000000000
00000000000000000000000000000000
00000000000000000000000000000000
00000000000000000000000000000000
00000001111100011111111100000000
00000000000100010001000000000000
00000000000100010001000000000000
00000000000100010001000000000000
00000001111100010001000111100000
00000001000000010000000100000000
00000001000000010000000100000000
00000001000000010000000100000000
00000001000111111111000100000000
00000001000000000001000000000000
00000001000000000001000000000000
00000001000000000001000000000000
00000001111111110001111111100000
00000001000000010001000000000000
00000001000000010001000000000000
00000001000000010001000000000000
00000001111100011111000111100000
00000000000000000000000000000000
00000000000000000000000000000000
00000000000000000000000000000000
00000000000000000000000000000000
00000000000000000000000000000000
00000000000000000000000000000000
00000000000000000000000000000000

00000000000000000000000000000000
00000000000000000000000000000000
00000000000000000000000000000000
00000000000000000000000000000000
00000000000000000000000000000000
00000000000000000000000000000000
00000000000000000000000000000000
00000000000000000000000000000000
00000001111111110001111100000000
00000001000000010001000100000000
00000001000000010001000100000000
00000001000000010001000100000000
00000001000111110001000111100000
00000000000100010001000100000000
00000000000100010001000100000000
00000000000100010001000100000000
00000001111100010001000100000000
00000001000000000001000000000000
00000001000000000001000000000000
00000001000000000001000000000000
00000001000111110001000111100000
00000001000100010000000100000000
00000001000100010000000100000000
00000001000100010000000100000000
00000001111100011111111100000000
00000000000000000000000000000000
00000000000000000000000000000000
00000000000000000000000000000000
00000000000000000000000000000000
00000000000000000000000000000000
00000000000000000000000000000000
00000000000000000000000000000000

00000000000000000000000000000000
00000000000000000000000000000000
00000000000000000000000000000000
00000000000000000000000000000000
00000000000000000000000000000000
00000000000000000000000000000000
00000000000000000000000000000000
00000000000000000000000000000000
00000001111111111111111100000000
00000001000100000001000000000000
00000001000100000001000000000000
00000001000100000001000000000000
00000001000111110001000111100000
00000000000000010001000100000000
00000000000000010001000100000000
00000000000000010001000100000000
00000001111100010001000100000000
00000001000000010001000100000000
00000001000000010001000100000000
00000001000000010001000100000000
00001111000111110001000100000000
00000000000100000000000100000000
00000000000100000000000100000000
00000000000100000000000100000000
00001111000111111111111100000000
00000000000000000000000000000000
00000000000000000000000000000000
00000000000000000000000000000000
00000000000000000000000000000000
00000000000000000000000000000000
00000000000000000000000000000000
00000000000000000000000000000000

00000000000000000000000000000000
00000000000000000000000000000000
00000000000000000000000000000000
00000000000000000000000000000000
00000000000000000000000000000000
00000000000000000000000000000000
00000000000000000000000000000000
00000000000000000000000000000000
00000001111100010001111100000000
00000001000100010001000000000000
00000001000100010001000000000000
00000001000100010001000000000000
00001111000100010001111111100000
00000000000100010000000000000000
00000000000100010000000000000000
00000000000100010000000000000000
00000001000100011111111100000000
00000001000100000000000100000000
00000001000100000000000100000000
00000001000100000000000100000000
00000001111100011111111100000000
00000000000000010000000000000000
00000000000000010000000000000000
00000000000000010000000000000000
00000001111111111111111111100000
00000000000000000000000000000000
00000000000000000000000000000000
00000000000000000000000000000000
00000000000000000000000000000000
00000000000000000000000000000000
00000000000000000000000000000000
00000000000000000000000000000000

00000000000000000000000000000000
00000000000000000000000000000000
00000000000000000000000000000000
00000000000000000000000000000000
00000000000000000000000000000000
00000000000000000000000000000000
00000000000000000000000000000000
00000000000000000000000000000000
00000001111111111111000111100000
00000001000000010000000100000000
00000001000000010000000100000000
00000001000000010000000100000000
00000001111100010001111100000000
00000000000000010001000000000000
00000000000000010001000000000000
00000000000000010001000000000000
00000001111111110001111100000000
00000001000000000000000000000000
00000001000000000000000000000000
00000001000000000000000000000000
00001111000100011111000111100000
00000000000100010001000100000000
00000000000100010001000100000000
00000000000100010001000100000000
00000001111111110001111100000000
00000000000000000000000000000000
00000000000000000000000000000000
00000000000000000000000000000000
00000000000000000000000000000000
00000000000000000000000000000000
00000000000000000000000000000000
00000000000000000000000000000000

00000000000000000000000000000000
00000000000000000000000000000000
00000000000000000000000000000000
00000000000000000000000000000000
00000000000000000000000000000000
00000000000000000000000000000000
00000000000000000000000000000000
00000000000000000000000000000000
00000001111100010001111100000000
00000000000100010001000000000000
00000000000100010001000000000000
00000000000100010001000000000000
00001111111100010001000111100000
00000001000000010001000100000000
00000001000000010001000100000000
00000001000000010001000100000000
00000001000111110001000100000000
00000000000100010001000100000000
00000000000100010001000100000000
00000000000100010001000100000000
00000001111100010001111100000000
00000001000000010000000000000000
00000001000000010000000000000000
00000001000000010000000000000000
00000001111100011111111111100000
00000000000000000000000000000000
00000000000000000000000000000000
00000000000000000000000000000000
00000000000000000000000000000000
00000000000000000000000000000000
00000000000000000000000000000000
00000000000000000000000000000000

00000000000000000000000000000000
00000000000000000000000000000000
00000000000000000000000000000000
00000000000000000000000000000000
00000000000000000000000000000000
00000000000000000000000000000000
00000000000000000000000000000000
00000000000000000000000000000000
00000001111111111111111100000000
00000001000000000000000100000000
00000001000000000000000100000000
00000001000000000000000100000000
00001111000111111111000100000000
00000000000100000001000100000000
00000000000100000001000100000000
00000000000100000001000100000000
00000001000100010001000100000000
00000001000100010001000100000000
00000001000100010001000100000000
00000001000100010001000100000000
00001111000100011111000100000000
00000001000000010000000000000000
00000001000000010000000000000000
00000001000000010000000000000000
00000001111111110001111111100000
00000000000000000000000000000000
00000000000000000000000000000000
00000000000000000000000000000000
00000000000000000000000000000000
00000000000000000000000000000000
00000000000000000000000000000000
00000000000000000000000000000000

00000000000000000000000000000000
00000000000000000000000000000000
00000000000000000000000000000000
00000000000000000000000000000000
00000000000000000000000000000000
00000000000000000000000000000000
00000000000000000000000000000000
00000000000000000000000000000000
00000001111111111111000111100000
00000000000000000001000100000000
00000000000000000001000100000000
00000000000000000001000100000000
00000001111111111111000100000000
00000001000000010000000100000000
00000001000000010000000100000000
00000001000000010000000100000000
00000001000111111111000100000000
00000001000100000000000100000000
00000001000100000000000100000000
00000001000100000000000100000000
00001111000100011111111100000000
00000000000100010000000000000000
00000000000100010000000000000000
00000000000100010000000000000000
00000001111100011111111100000000
00000000000000000000000000000000
00000000000000000000000000000000
00000000000000000000000000000000
00000000000000000000000000000000
00000000000000000000000000000000
00000000000000000000000000000000
00000000000000000000000000000000

00000000000000000000000000000000
00000000000000000000000000000000
00000000000000000000000000000000
00000000000000000000000000000000
00000000000000000000000000000000
00000000000000000000000000000000
00000000000000000000000000000000
00000000000000000000000000000000
00000001111100011111000100000000
00000001000100000001000100000000
00000001000100000001000100000000
00000001000100000001000100000000
00001111000111110001111100000000
00000000000000010001000100000000
00000000000000010001000100000000
00000000000000010001000100000000
00000001111111110001000100000000
00000001000000000001000100000000
00000001000000000001000100000000
00000001000000000001000100000000
00000001111100011111000111100000
00000000000100010000000000000000
00000000000100010000000000000000
00000000000100010000000000000000
00000001111100011111111100000000
00000000000000000000000000000000
00000000000000000000000000000000
00000000000000000000000000000000
00000000000000000000000000000000
00000000000000000000000000000000
00000000000000000000000000000000
00000000000000000000000000000000

00000000000000000000000000000000
00000000000000000000000000000000
00000000000000000000000000000000
00000000000000000000000000000000
00000000000000000000000000000000
00000000000000000000000000000000
00000000000000000000000000000000
00000000000000000000000000000000
00001111000111111111111100000000
00000001000100000001000100000000
00000001000100000001000100000000
00000001000100000001000100000000
00000001000111110001000100000000
00000001000000000001000000000000
00000001000000000001000000000000
00000001000000000001000000000000
00000001000111111111111100000000
00000000000100000000000100000000
00000000000100000000000100000000
00000000000100000000000100000000
00000001111100010001111100000000
00000001000100010001000000000000
00000001000100010001000000000000
00000001000100010001000000000000
00000001000111110001111111100000
00000000000000000000000000000000
00000000000000000000000000000000
00000000000000000000000000000000
00000000000000000000000000000000
00000000000000000000000000000000
00000000000000000000000000000000
00000000000000000000000000000000

00000000000000000000000000000000
00000000000000000000000000000000
00000000000000000000000000000000
00000000000000000000000000000000
00000000000000000000000000000000
00000000000000000000000000000000
00000000000000000000000000000000
00000000000000000000000000000000
00000001111100010001111100000000
00000001000100010001000100000000
00000001000100010001000100000000
00000001000100010001000100000000
00001111000100010001000111100000
00000000000100010001000000000000
00000000000100010001000000000000
00000000000100010001000000000000
00000001111100010001111100000000
00000000000000010000000100000000
00000000000000010000000100000000
00000000000000010000000100000000
00001111111100010001111100000000
00000001000000010001000000000000
00000001000000010001000000000000
00000001000000010001000000000000
00000001111111110001111100000000
00000000000000000000000000000000
00000000000000000000000000000000
00000000000000000000000000000000
00000000000000000000000000000000
00000000000000000000000000000000
00000000000000000000000000000000
00000000000000000000000000000000

00000000000000000000000000000000
00000000000000000000000000000000
00000000000000000000000000000000
00000000000000000000000000000000
00000000000000000000000000000000
00000000000000000000000000000000
00000000000000000000000000000000
00000000000000000000000000000000
00001111000100011111111100000000
00000001000100010000000100000000
00000001000100010000000100000000
00000001000100010000000100000000
00000001000100011111000100000000
00000001000100000001000000000000
00000001000100000001000000000000
00000001000100000001000000000000
00000001000100011111111100000000
00000001000100010000000100000000
00000001000100010000000100000000
00000001000100010000000100000000
00000001111100011111000111100000
00000000000100010000000000000000
00000000000100010000000000000000
00000000000100010000000000000000
00000001111100011111111100000000
00000000000000000000000000000000
00000000000000000000000000000000
00000000000000000000000000000000
00000000000000000000000000000000
00000000000000000000000000000000
00000000000000000000000000000000
00000000000000000000000000000000

00000000000000000000000000000000
00000000000000000000000000000000
00000000000000000000000000000000
00000000000000000000000000000000
00000000000000000000000000000000
00000000000000000000000000000000
00000000000000000000000000000000
00000000000000000000000000000000
00000001111111111111111100000000
00000001000000000001000000000000
00000001000000000001000000000000
00000001000000000001000000000000
00000001000111110001000111100000
00000001000000010001000100000000
00000001000000010001000100000000
00000001000000010001000100000000
00000001000111110001000100000000
00000001000100000001000100000000
00000001000100000001000100000000
00000001000100000001000100000000
00001111000111111111000100000000
00000000000000000000000100000000
00000000000000000000000100000000
00000000000000000000000100000000
00000001111111111111111100000000
00000000000000000000000000000000
00000000000000000000000000000000
00000000000000000000000000000000
00000000000000000000000000000000
00000000000000000000000000000000
00000000000000000000000000000000
00000000000000000000000000000000

00000000000000000000000000000000
00000000000000000000000000000000
00000000000000000000000000000000
00000000000000000000000000000000
00000000000000000000000000000000
00000000000000000000000000000000
00000000000000000000000000000000
00000000000000000000000000000000
00000001000111110001111111100000
00000001000100010001000000000000
00000001000100010001000000000000
00000001000100010001000000000000
00000001111100010001111100000000
00000000000000010001000100000000
00000000000000010001000100000000
00000000000000010001000100000000
00000001111111110001000100000000
00000001000000000000000100000000
00000001000000000000000100000000
00000001000000000000000100000000
00001111000100011111111100000000
00000001000100010000000000000000
00000001000100010000000000000000
00000001000100010000000000000000
00000001111100011111111100000000
00000000000000000000000000000000
00000000000000000000000000000000
00000000000000000000000000000000
00000000000000000000000000000000
00000000000000000000000000000000
00000000000000000000000000000000
00000000000000000000000000000000

00000000000000000000000000000000
00000000000000000000000000000000
00000000000000000000000000000000
00000000000000000000000000000000
00000000000000000000000000000000
00000000000000000000000000000000
00000000000000000000000000000000
00000000000000000000000000000000
00000001111100011111111111100000
00000000000100010000000000000000
00000000000100010000000000000000
00000000000100010000000000000000
00001111000100010001111100000000
00000001000100010001000100000000
00000001000100010001000100000000
00000001000100010001000100000000
00000001000111110001000100000000
00000001000000000000000100000000
00000001000000000000000100000000
00000001000000000000000100000000
00000001111111111111000100000000
00000000000100000001000100000000
00000000000100000001000100000000
00000000000100000001000100000000
00000001111100011111000111100000
00000000000000000000000000000000
00000000000000000000000000000000
00000000000000000000000000000000
00000000000000000000000000000000
00000000000000000000000000000000
00000000000000000000000000000000
00000000000000000000000000000000

00000000000000000000000000000000
00000000000000000000000000000000
00000000000000000000000000000000
00000000000000000000000000000000
00000000000000000000000000000000
00000000000000000000000000000000
00000000000000000000000000000000
00000000000000000000000000000000
00000001111111111111000111100000
00000000000000000001000100000000
00000000000000000001000100000000
00000000000000000001000100000000
00000001111111111111000100000000
00000001000000000000000100000000
00000001000000000000000100000000
00000001000000000000000100000000
00000001111100010001111100000000
00000000000100010001000000000000
00000000000100010001000000000000
00000000000100010001000000000000
00001111111100010001111100000000
00000000000000010000000100000000
00000000000000010000000100000000
00000000000000010000000100000000
00000001111111111111111100000000
00000000000000000000000000000000
00000000000000000000000000000000
00000000000000000000000000000000
00000000000000000000000000000000
00000000000000000000000000000000
00000000000000000000000000000000
00000000000000000000000000000000

00000000000000000000000000000000
00000000000000000000000000000000
00000000000000000000000000000000
00000000000000000000000000000000
00000000000000000000000000000000
00000000000000000000000000000000
00000000000000000000000000000000
00000000000000000000000000000000
00000001111111111111111100000000
00000001000000000000000100000000
00000001000000000000000100000000
00000001000000000000000100000000
00001111000111110001111100000000
00000000000100000001000000000000
00000000000100000001000000000000
00000000000100000001000000000000
00000001111100011111000100000000
00000001000000010000000100000000
00000001000000010000000100000000
00000001000000010000000100000000
00001111000111111111000100000000
00000000000100000001000100000000
00000000000100000001000100000000
00000000000100000001000100000000
00001111000111110001111100000000
00000000000000000000000000000000
00000000000000000000000000000000
00000000000000000000000000000000
00000000000000000000000000000000
00000000000000000000000000000000
00000000000000000000000000000000
00000000000000000000000000000000

00000000000000000000000000000000
00000000000000000000000000000000
00000000000000000000000000000000
00000000000000000000000000000000
00000000000000000000000000000000
00000000000000000000000000000000
00000000000000000000000000000000
00000000000000000000000000000000
00000001111100011111000111100000
00000001000000010001000000000000
00000001000000010001000000000000
00000001000000010001000000000000
00000001111111110001111111100000
00000000000100000000000000000000
00000000000100000000000000000000
00000000000100000000000000000000
00000001000111110001111100000000
00000001000000010000000100000000
00000001000000010000000100000000
00000001000000010000000100000000
00000001111100010001111100000000
00000000000100010001000000000000
00000000000100010001000000000000
00000000000100010001000000000000
00001111111100011111000111100000
00000000000000000000000000000000
00000000000000000000000000000000
00000000000000000000000000000000
00000000000000000000000000000000
00000000000000000000000000000000
00000000000000000000000000000000
00000000000000000000000000000000

00000000000000000000000000000000
00000000000000000000000000000000
00000000000000000000000000000000
00000000000000000000000000000000
00000000000000000000000000000000
00000000000000000000000000000000
00000000000000000000000000000000
00000000000000000000000000000000
00000001111100011111111100000000
00000000000100000001000000000000
00000000000100000001000000000000
00000000000100000001000000000000
00000001111100011111000111100000
00000001000000010000000100000000
00000001000000010000000100000000
00000001000000010000000100000000
00000001111100011111111100000000
00000000000100000000000100000000
00000000000100000000000100000000
00000000000100000000000100000000
00001111000111110001111100000000
00000001000000010001000000000000
00000001000000010001000000000000
00000001000000010001000000000000
00000001111111110001111100000000
00000000000000000000000000000000
00000000000000000000000000000000
00000000000000000000000000000000
00000000000000000000000000000000
00000000000000000000000000000000
00000000000000000000000000000000
00000000000000000000000000000000

00000000000000000000000000000000
00000000000000000000000000000000
00000000000000000000000000000000
00000000000000000000000000000000
00000000000000000000000000000000
00000000000000000000000000000000
00000000000000000000000000000000
00000000000000000000000000000000
00000001111100011111111100000000
00000000000100000001000000000000
00000000000100000001000000000000
00000000000100000001000000000000
00000001111100011111000111100000
00000001000000010000000100000000
00000001000000010000000100000000
00000001000000010000000100000000
00000001111100011111111100000000
00000000000100000000000100000000
00000000000100000000000100000000
00000000000100000000000100000000
00001111000111110001111100000000
00000001000000010001000000000000
00000001000000010001000000000000
00000001000000010001000000000000
00000001111111110001111100000000
00000000000000000000000000000000
00000000000000000000000000000000
00000000000000000000000000000000
00000000000000000000000000000000
00000000000000000000000000000000
00000000000000000000000000000000
00000000000000000000000000000000
00000000000000000000000000000000
